[gd_scene load_steps=20 format=3 uid="uid://dw7f1yfv67ywx"]

[ext_resource type="PackedScene" uid="uid://bdwmserhqai5h" path="res://addons/godot-xr-tools/hands/scenes/lowpoly/left_physics_hand_low.tscn" id="2_2o0w2"]
[ext_resource type="PackedScene" uid="uid://bl2nuu3qhlb5k" path="res://addons/godot-xr-tools/functions/movement_direct.tscn" id="3_3nymp"]
[ext_resource type="PackedScene" uid="uid://b4ysuy43poobf" path="res://addons/godot-xr-tools/functions/function_pickup.tscn" id="4_hrrq6"]
[ext_resource type="PackedScene" uid="uid://b6bk2pj8vbj28" path="res://addons/godot-xr-tools/functions/movement_turn.tscn" id="5_2wrea"]
[ext_resource type="PackedScene" uid="uid://btf05hjpw6k05" path="res://addons/godot-xr-tools/hands/scenes/lowpoly/right_physics_hand_low.tscn" id="6_mhr5g"]
[ext_resource type="PackedScene" uid="uid://diyu06cw06syv" path="res://addons/godot-xr-tools/player/player_body.tscn" id="6_usf4a"]
[ext_resource type="PackedScene" uid="uid://bft3xyxs31ci3" path="res://addons/godot-xr-tools/functions/function_pose_detector.tscn" id="7_7y2es"]

[sub_resource type="AnimationNodeAnimation" id="AnimationNodeAnimation_5lsmw"]
animation = &"Grip 2"

[sub_resource type="AnimationNodeAnimation" id="AnimationNodeAnimation_s1qdg"]
animation = &"Grip 2"

[sub_resource type="AnimationNodeBlend2" id="AnimationNodeBlend2_bpktd"]
filter_enabled = true
filters = ["Armature/Skeleton3D:Little_Distal_L", "Armature/Skeleton3D:Little_Intermediate_L", "Armature/Skeleton3D:Little_Metacarpal_L", "Armature/Skeleton3D:Little_Proximal_L", "Armature/Skeleton3D:Middle_Distal_L", "Armature/Skeleton3D:Middle_Intermediate_L", "Armature/Skeleton3D:Middle_Metacarpal_L", "Armature/Skeleton3D:Middle_Proximal_L", "Armature/Skeleton3D:Ring_Distal_L", "Armature/Skeleton3D:Ring_Intermediate_L", "Armature/Skeleton3D:Ring_Metacarpal_L", "Armature/Skeleton3D:Ring_Proximal_L", "Armature/Skeleton3D:Thumb_Distal_L", "Armature/Skeleton3D:Thumb_Metacarpal_L", "Armature/Skeleton3D:Thumb_Proximal_L", "Armature/Skeleton:Little_Distal_L", "Armature/Skeleton:Little_Intermediate_L", "Armature/Skeleton:Little_Proximal_L", "Armature/Skeleton:Middle_Distal_L", "Armature/Skeleton:Middle_Intermediate_L", "Armature/Skeleton:Middle_Proximal_L", "Armature/Skeleton:Ring_Distal_L", "Armature/Skeleton:Ring_Intermediate_L", "Armature/Skeleton:Ring_Proximal_L", "Armature/Skeleton:Thumb_Distal_L", "Armature/Skeleton:Thumb_Proximal_L"]

[sub_resource type="AnimationNodeAnimation" id="AnimationNodeAnimation_kl0mo"]
animation = &"Grip 2"

[sub_resource type="AnimationNodeBlend2" id="AnimationNodeBlend2_m5bt8"]
filter_enabled = true
filters = ["Armature/Skeleton3D:Index_Distal_L", "Armature/Skeleton3D:Index_Intermediate_L", "Armature/Skeleton3D:Index_Metacarpal_L", "Armature/Skeleton3D:Index_Proximal_L", "Armature/Skeleton:Index_Distal_L", "Armature/Skeleton:Index_Intermediate_L", "Armature/Skeleton:Index_Proximal_L"]

[sub_resource type="AnimationNodeBlendTree" id="AnimationNodeBlendTree_rc6wi"]
graph_offset = Vector2(-536, 11)
nodes/ClosedHand1/node = SubResource("AnimationNodeAnimation_5lsmw")
nodes/ClosedHand1/position = Vector2(-600, 300)
nodes/ClosedHand2/node = SubResource("AnimationNodeAnimation_s1qdg")
nodes/ClosedHand2/position = Vector2(-360, 300)
nodes/Grip/node = SubResource("AnimationNodeBlend2_bpktd")
nodes/Grip/position = Vector2(0, 20)
nodes/OpenHand/node = SubResource("AnimationNodeAnimation_kl0mo")
nodes/OpenHand/position = Vector2(-600, 100)
nodes/Trigger/node = SubResource("AnimationNodeBlend2_m5bt8")
nodes/Trigger/position = Vector2(-360, 20)
node_connections = [&"Grip", 0, &"Trigger", &"Grip", 1, &"ClosedHand2", &"Trigger", 0, &"OpenHand", &"Trigger", 1, &"ClosedHand1", &"output", 0, &"Grip"]

[sub_resource type="AnimationNodeAnimation" id="AnimationNodeAnimation_xyhid"]
animation = &"Grip"

[sub_resource type="AnimationNodeAnimation" id="AnimationNodeAnimation_vngfm"]
animation = &"Grip"

[sub_resource type="AnimationNodeBlend2" id="AnimationNodeBlend2_ws7rv"]
filter_enabled = true
filters = ["Armature/Skeleton3D:Little_Distal_R", "Armature/Skeleton3D:Little_Intermediate_R", "Armature/Skeleton3D:Little_Metacarpal_R", "Armature/Skeleton3D:Little_Proximal_R", "Armature/Skeleton3D:Middle_Distal_R", "Armature/Skeleton3D:Middle_Intermediate_R", "Armature/Skeleton3D:Middle_Metacarpal_R", "Armature/Skeleton3D:Middle_Proximal_R", "Armature/Skeleton3D:Ring_Distal_R", "Armature/Skeleton3D:Ring_Intermediate_R", "Armature/Skeleton3D:Ring_Metacarpal_R", "Armature/Skeleton3D:Ring_Proximal_R", "Armature/Skeleton3D:Thumb_Distal_R", "Armature/Skeleton3D:Thumb_Metacarpal_R", "Armature/Skeleton3D:Thumb_Proximal_R", "Armature/Skeleton:Little_Distal_R", "Armature/Skeleton:Little_Intermediate_R", "Armature/Skeleton:Little_Proximal_R", "Armature/Skeleton:Middle_Distal_R", "Armature/Skeleton:Middle_Intermediate_R", "Armature/Skeleton:Middle_Proximal_R", "Armature/Skeleton:Ring_Distal_R", "Armature/Skeleton:Ring_Intermediate_R", "Armature/Skeleton:Ring_Proximal_R", "Armature/Skeleton:Thumb_Distal_R", "Armature/Skeleton:Thumb_Proximal_R"]

[sub_resource type="AnimationNodeAnimation" id="AnimationNodeAnimation_cjqdn"]
animation = &"Grip 5"

[sub_resource type="AnimationNodeBlend2" id="AnimationNodeBlend2_2thhx"]
filter_enabled = true
filters = ["Armature/Skeleton3D:Index_Distal_R", "Armature/Skeleton3D:Index_Intermediate_R", "Armature/Skeleton3D:Index_Metacarpal_R", "Armature/Skeleton3D:Index_Proximal_R", "Armature/Skeleton:Index_Distal_R", "Armature/Skeleton:Index_Intermediate_R", "Armature/Skeleton:Index_Proximal_R"]

[sub_resource type="AnimationNodeBlendTree" id="AnimationNodeBlendTree_nr78n"]
graph_offset = Vector2(-552.664, 107.301)
nodes/ClosedHand1/node = SubResource("AnimationNodeAnimation_xyhid")
nodes/ClosedHand1/position = Vector2(-600, 300)
nodes/ClosedHand2/node = SubResource("AnimationNodeAnimation_vngfm")
nodes/ClosedHand2/position = Vector2(-360, 300)
nodes/Grip/node = SubResource("AnimationNodeBlend2_ws7rv")
nodes/Grip/position = Vector2(0, 40)
nodes/OpenHand/node = SubResource("AnimationNodeAnimation_cjqdn")
nodes/OpenHand/position = Vector2(-600, 100)
nodes/Trigger/node = SubResource("AnimationNodeBlend2_2thhx")
nodes/Trigger/position = Vector2(-360, 40)
node_connections = [&"Grip", 0, &"Trigger", &"Grip", 1, &"ClosedHand2", &"Trigger", 0, &"OpenHand", &"Trigger", 1, &"ClosedHand1", &"output", 0, &"Grip"]

[node name="XROrigin3D" type="XROrigin3D"]

[node name="XRCamera3D" type="XRCamera3D" parent="."]

[node name="PlayerBody" parent="." instance=ExtResource("6_usf4a")]

[node name="LeftHand" type="XRController3D" parent="."]
transform = Transform3D(1, 0, 0, 0, 1, 0, 0, 0, 1, -0.5, 1, -0.5)
tracker = &"left_hand"
pose = &"aim"

[node name="LeftPhysicsHand" parent="LeftHand" instance=ExtResource("2_2o0w2")]

[node name="Skeleton3D" parent="LeftHand/LeftPhysicsHand/Hand_Nails_low_L/Armature" index="0"]
bones/1/rotation = Quaternion(0.323537, -2.56588e-05, -0.0272204, 0.945824)
bones/2/rotation = Quaternion(-0.173249, -0.0448102, -0.269237, 0.946303)
bones/3/rotation = Quaternion(-0.23422, 0.0400488, 0.00328324, 0.971353)
bones/6/rotation = Quaternion(0.0823984, -0.0232007, -0.24821, 0.964916)
bones/7/rotation = Quaternion(-0.0110767, -0.0211693, -0.476966, 0.878597)
bones/8/rotation = Quaternion(0.00754535, -0.00388231, -0.450882, 0.892543)
bones/11/rotation = Quaternion(0.014958, -0.00507926, -0.338867, 0.940702)
bones/12/rotation = Quaternion(0.0385042, -0.00356708, -0.387609, 0.921012)
bones/13/rotation = Quaternion(-0.00889749, -0.0248026, -0.481271, 0.876176)
bones/16/rotation = Quaternion(0.00456829, -0.00255948, -0.272989, 0.962003)
bones/17/rotation = Quaternion(0.0394077, -0.0111422, -0.404272, 0.913722)
bones/18/rotation = Quaternion(0.0284812, -0.00129869, -0.443406, 0.895867)
bones/21/rotation = Quaternion(-0.0103059, -0.00656908, -0.314811, 0.949076)
bones/22/rotation = Quaternion(0.0821969, 0.000929156, -0.418595, 0.904445)
bones/23/rotation = Quaternion(0.0531608, -0.0314986, -0.400746, 0.914103)

[node name="BoneRoot" parent="LeftHand/LeftPhysicsHand/Hand_Nails_low_L/Armature/Skeleton3D" index="1"]
transform = Transform3D(1, -1.83077e-05, 1.5264e-08, 1.52677e-08, 0.00166774, 0.999999, -1.83077e-05, -0.999999, 0.00166774, 3.86425e-08, -1.86975e-05, 0.0271756)

[node name="BoneThumbProximal" parent="LeftHand/LeftPhysicsHand/Hand_Nails_low_L/Armature/Skeleton3D" index="3"]
transform = Transform3D(0.82118, 0.57058, 0.0100638, -0.177397, 0.23847, 0.95481, 0.542395, -0.785857, 0.297046, 0.012311, 0.0475754, -0.0353648)

[node name="BoneThumbDistal" parent="LeftHand/LeftPhysicsHand/Hand_Nails_low_L/Armature/Skeleton3D" index="4"]
transform = Transform3D(0.810665, 0.482744, 0.331331, -0.255533, -0.217448, 0.942029, 0.526806, -0.848336, -0.0529201, 0.0363597, 0.0576264, -0.068487)

[node name="BoneIndexProximal" parent="LeftHand/LeftPhysicsHand/Hand_Nails_low_L/Armature/Skeleton3D" index="6"]
transform = Transform3D(0.858636, 0.499886, -0.113399, 0.0244301, 0.181069, 0.983167, 0.512004, -0.846952, 0.14326, -0.00729559, 0.0223907, -0.0802861)

[node name="BoneIndexMiddle" parent="LeftHand/LeftPhysicsHand/Hand_Nails_low_L/Armature/Skeleton3D" index="7"]
transform = Transform3D(0.0430448, 0.992279, -0.116312, -0.0914192, 0.119844, 0.988575, 0.994882, -0.0319199, 0.095872, 0.0117582, 0.0292923, -0.112569)

[node name="BoneIndexDistal" parent="LeftHand/LeftPhysicsHand/Hand_Nails_low_L/Armature/Skeleton3D" index="8"]
transform = Transform3D(-0.773181, 0.621385, -0.126778, -0.150587, 0.0143044, 0.988493, 0.616048, 0.783375, 0.0825123, 0.0428619, 0.0330489, -0.113569)

[node name="BoneMiddleProximal" parent="LeftHand/LeftPhysicsHand/Hand_Nails_low_L/Armature/Skeleton3D" index="10"]
transform = Transform3D(0.778334, 0.627511, -0.0206335, 0.0442143, -0.0219998, 0.99878, 0.626292, -0.778297, -0.0448682, -0.0110237, -0.00206236, -0.0802245)

[node name="BoneMiddleMiddle" parent="LeftHand/LeftPhysicsHand/Hand_Nails_low_L/Armature/Skeleton3D" index="11"]
transform = Transform3D(0.0967134, 0.99108, -0.0916901, 0.0233911, 0.0898332, 0.995682, 0.995037, -0.0984406, -0.0144944, 0.0172164, -0.00305242, -0.11525)

[node name="BoneMiddleDistal" parent="LeftHand/LeftPhysicsHand/Hand_Nails_low_L/Armature/Skeleton3D" index="12"]
transform = Transform3D(-0.788374, 0.612658, -0.0558248, -0.0113928, 0.0761879, 0.997028, 0.615091, 0.786667, -0.0530847, 0.049344, -0.000140326, -0.118442)

[node name="BoneRingProximal" parent="LeftHand/LeftPhysicsHand/Hand_Nails_low_L/Armature/Skeleton3D" index="14"]
transform = Transform3D(0.825089, 0.564776, 0.0159833, 0.060951, -0.117097, 0.991248, 0.561705, -0.816894, -0.131039, -0.00651963, -0.0233502, -0.0731075)

[node name="BoneRingMiddle" parent="LeftHand/LeftPhysicsHand/Hand_Nails_low_L/Armature/Skeleton3D" index="15"]
transform = Transform3D(0.137259, 0.988546, -0.0627448, 0.116224, 0.0468338, 0.992118, 0.983693, -0.14347, -0.108465, 0.0161455, -0.0280495, -0.10589)

[node name="BoneRingDistal" parent="LeftHand/LeftPhysicsHand/Hand_Nails_low_L/Armature/Skeleton3D" index="16"]
transform = Transform3D(-0.700715, 0.703991, -0.115737, 0.0105611, 0.172441, 0.984963, 0.713363, 0.688956, -0.128267, 0.0436247, -0.0267476, -0.109879)

[node name="BonePinkyProximal" parent="LeftHand/LeftPhysicsHand/Hand_Nails_low_L/Armature/Skeleton3D" index="18"]
transform = Transform3D(0.7918, 0.609677, 0.0366937, 0.0960754, -0.183654, 0.978285, 0.603176, -0.77108, -0.203992, 0.00108587, -0.0418952, -0.0645756)

[node name="BonePinkyMiddle" parent="LeftHand/LeftPhysicsHand/Hand_Nails_low_L/Armature/Skeleton3D" index="19"]
transform = Transform3D(0.050182, 0.992874, -0.108083, 0.132475, 0.100646, 0.986063, 0.989915, -0.0638008, -0.126481, 0.0212805, -0.0479784, -0.0901165)

[node name="BonePinkyDistal" parent="LeftHand/LeftPhysicsHand/Hand_Nails_low_L/Armature/Skeleton3D" index="20"]
transform = Transform3D(-0.698406, 0.69172, -0.183716, 0.0303563, 0.285092, 0.958019, 0.715057, 0.663509, -0.220108, 0.0391765, -0.0461644, -0.0912665)

[node name="AnimationTree" parent="LeftHand/LeftPhysicsHand" index="1"]
root_node = NodePath("../Hand_Nails_low_L")
tree_root = SubResource("AnimationNodeBlendTree_rc6wi")

[node name="FunctionPoseDetector" parent="LeftHand" instance=ExtResource("7_7y2es")]

[node name="MovementDirect" parent="LeftHand" instance=ExtResource("3_3nymp")]
strafe = true

[node name="FunctionPickup" parent="LeftHand" instance=ExtResource("4_hrrq6")]
ranged_enable = false

[node name="RightHand" type="XRController3D" parent="."]
transform = Transform3D(1, 0, 0, 0, 1, 0, 0, 0, 1, 0.5, 1, -0.5)
tracker = &"right_hand"
pose = &"aim"

[node name="RightPhysicsHand" parent="RightHand" instance=ExtResource("6_mhr5g")]

[node name="Skeleton3D" parent="RightHand/RightPhysicsHand/Hand_Nails_low_R/Armature" index="0"]
bones/1/rotation = Quaternion(0.323537, 2.56588e-05, 0.0272204, 0.945824)
bones/21/rotation = Quaternion(-0.0625182, 0.000225722, 0.115393, 0.991351)

[node name="BoneRoot" parent="RightHand/RightPhysicsHand/Hand_Nails_low_R/Armature/Skeleton3D" index="1"]
transform = Transform3D(1, 1.83077e-05, -1.5264e-08, -1.52677e-08, 0.00166774, 0.999999, 1.83077e-05, -0.999999, 0.00166774, -3.86425e-08, -1.86975e-05, 0.0271756)

[node name="BoneIndexProximal" parent="RightHand/RightPhysicsHand/Hand_Nails_low_R/Armature/Skeleton3D" index="6"]
transform = Transform3D(0.997821, -0.0419385, 0.0509326, -0.0413169, 0.204661, 0.97796, -0.0514381, -0.977934, 0.202483, 0.00729559, 0.0223907, -0.0802861)

[node name="BoneRingMiddle" parent="RightHand/RightPhysicsHand/Hand_Nails_low_R/Armature/Skeleton3D" index="15"]
transform = Transform3D(0.772579, -0.634603, -0.0200164, -0.0794844, -0.127948, 0.98859, -0.629924, -0.762173, -0.149291, -0.000778396, -0.0314857, -0.111722)

[node name="BoneRingDistal" parent="RightHand/RightPhysicsHand/Hand_Nails_low_R/Armature/Skeleton3D" index="16"]
transform = Transform3D(0.381387, -0.924068, -0.025339, -0.114105, -0.0742599, 0.990689, -0.917346, -0.374945, -0.133762, -0.0184188, -0.0350424, -0.132908)

[node name="AnimationTree" parent="RightHand/RightPhysicsHand" index="1"]
root_node = NodePath("../Hand_Nails_low_R")
tree_root = SubResource("AnimationNodeBlendTree_nr78n")

[node name="FunctionPoseDetector" parent="RightHand" instance=ExtResource("7_7y2es")]

[node name="MovementDirect" parent="RightHand" instance=ExtResource("3_3nymp")]

[node name="MovementTurn" parent="RightHand" instance=ExtResource("5_2wrea")]

[node name="FunctionPickup" parent="RightHand" instance=ExtResource("4_hrrq6")]
ranged_enable = false

[editable path="LeftHand/LeftPhysicsHand"]
[editable path="LeftHand/LeftPhysicsHand/Hand_Nails_low_L"]
[editable path="RightHand/RightPhysicsHand"]
[editable path="RightHand/RightPhysicsHand/Hand_Nails_low_R"]
